taylor_muted <- c(
  A = "#99b300",
  R = "#3b3bb3",
  N = "#9933b3",
  D = "#cc3333",
  C = "#cccc33",
  Q = "#cc3399",
  E = "#cc3366",
  G = "#cc7a00",
  H = "#3366cc",
  I = "#66cc00",
  L = "#4dcc00",
  K = "#6633cc",
  M = "#33cc33",
  F = "#33cc66",
  P = "#cc9900",
  S = "#cc3300",
  T = "#cc6600",
  W = "#3399cc",
  Y = "#33cc99",
  V = "#80cc00"
)

colour_map <- c(
  taylor_muted,
  del = "black"
)